60.0
60.00718375060404
60.01969749975126
60.03109224493439
60.0308274362528
60.027543170734894
60.02505276281304
60.022987228635145
60.03067691998107
60.04622319888893
60.044137701478526
60.08899517671858
60.07746901633914
60.07084821845166
60.06553333197732
60.061000738432845
60.117763749846375
60.15738629776306
60.25181528676555
60.28663889534746
60.25423747041893
60.23199374815888
60.214042961091046
60.25570017591534
60.43045223156161
60.382005689358664
60.5576268743468
60.47994125293378
60.437361670061456
60.405096252055934
60.37911973528845
60.678211640331504
60.94956627645616
61.01963108476847
61.11550861183267
61.01107406016711
60.931925219138606
60.86591503195419
60.90247454941803
61.34313263240151
61.22071353485733
61.42372176396378
61.33285942935168
61.28343773534894
61.233157618888036
61.18523884799831
61.5352111812796
62.19029222275398
62.756442412553504
62.67885493891563
62.45803255369977
62.28373029349518
62.13668803237923
62.30854546134024
62.672084388591266
62.548414061423586
63.47099880671707
63.15003331000069
62.94027045083815
62.76666794623404
62.617582652961126
63.32390727058175
63.74812633629747
64.77997122842724
65.06233430334039
64.61833015385973
64.29685861958728
64.03229512629092
64.29754713050693
65.63194181419861
65.14520736875215
66.3382617809677
65.67115791044702
65.27375416696593
64.96301068309894
64.70685441589922
66.41167392150129
67.87538710121413
68.15304362552361
68.554526476454
67.88763809841147
67.37072809919397
66.93563257188447
67.00997854983031
68.95679872154626
68.28864624180994
69.08405816559087
68.59111504612595
68.2849017687495
67.9822373257627
67.69586637426242
68.98518446615294
71.40188535035554
73.41272913027952
72.9986065823979
72.07425424111382
71.33565936323907
70.708669852524
71.18757663311034
72.31264888244914
71.79464641661264
74.68940406362209
73.5361634130728
72.7585485681927
72.1097093234236
71.54951145195946
73.58357057209457
74.74874062278606
77.67063907782226
78.35729043322443
76.95522092646219
75.92515094227163
75.07174995557615
75.69782884714378
79.22449429960882
77.77603373501604
80.83392566079465
78.94082749368043
77.78667728476488
76.87519760455314
76.11675608266587
80.32677898273205
83.86202181922728
84.42375544683722
85.27814790370455
83.51189897409516
82.13371890638706
80.97030951473305
81.0442979425752
85.51319892146383
83.81458980974406
85.55729504921003
84.310940248811
83.500006349555
82.70292372688843
81.94905514413729
84.7362230864564
89.95636693856831
94.21479456664325
93.15109823959887
91.00032341061734
89.27589420254009
87.80979796576237
88.70731783647174
90.98585104395079
89.77566590894911
95.67636935061519
93.13636933094654
91.40476544254774
89.95771409020068
88.70672163365877
92.71034926383813
94.94882368697772
100.65775269696515
101.85222900441538
98.92204877472129
96.75883558471098
94.96312294966992
96.06992175234882
102.76957213453221
99.80857679895242
105.52998724455512
101.76313238804374
99.4484661437189
97.61386911535057
96.0801743661226
103.8489020274492
110.27100021100948
111.16912025948052
112.59261927656205
109.1735188671626
106.50196036875529
104.2466074563434
104.28432775296045
112.24845678481802
109.01627585317173
112.05634826857676
109.70393277130522
108.13390244909583
106.5924984747307
105.13406660950066
109.96734654521795
118.97201307142514
126.20773181916122
124.14987430703509
120.23770678890465
117.10161244672895
114.43723404530779
115.85419853610044
119.67783878103347
117.47181507674428
127.36079775530834
122.86560431586126
119.79163503056606
117.22658501150606
115.01069406663795
121.60069312922808
125.23472189290457
134.5770375726768
136.3363266764005
131.29879596725993
127.57806521841614
124.49064833706052
126.1934055159814
136.9980978276498
131.9574098509141
141.0973336440384
134.81288883533875
130.9478126770315
127.88227605994045
125.31310373727426
137.64919816228067
147.70706693961424
148.97810017421048
151.06145476355667
145.42923224875167
141.0351140965248
137.33188218890533
137.31245913881114
149.70252799623367
144.42328715452376
149.1163915057978
145.31447993105579
142.73318901318137
140.19802337471214
137.79846535259404
145.2227614723403
158.92554668281272
169.78655026686712
166.3630917406034
160.15191956272713
155.18458619756174
150.97357486637569
153.0070989447818
158.7763541760968
155.27193310691848
170.07442263888404
163.0484525706539
158.25113003422106
154.26172943496186
150.82252456651358
160.59123377582526
165.9376609577022
179.7019765638042
182.03237409663734
174.30616419860334
168.61252191171448
163.89726327760033
166.31244506260558
182.09900467422494
174.39957852763587
187.66615344624861
178.23503606894883
172.4552296850014
167.87583834280676
164.032845947887
181.89240611127036
196.25601985112746
197.92367036162003
200.7314179840021
192.32431876171486
185.78942270514656
180.29909676263478
180.22680553853445
197.92402797851568
190.07752781451663
196.7922371144898
191.2137846515501
187.3760322767757
183.60276297377837
180.03127103343277
190.5912361802982
209.82211048535336
224.856234942005
219.66980238804362
210.62690841949328
203.42405965334316
197.33834704612732
200.08586967594917
208.21742122044478
203.1167825494298
223.6872246628278
213.552055451136
206.66624092907924
200.96881344001653
196.0725929604307
209.58332737418948
216.95501483174826
235.85646836464966
238.70263179290205
227.7098182752583
219.64478242821193
212.98729340298328
216.23634955649038
237.81262291417832
226.8656048652381
244.91172895908872
231.73095350658187
223.7099474029482
217.36884633666736
212.06827982321593
218.7796432637207
223.75951467214122
222.2706093596067
221.53669213640083
215.11702514988178
209.87081458734633
205.3257924282623
203.70797589050798
211.0541183225491
205.6097431246632
207.60451639829355
203.5468854051642
200.4126894814858
197.3764398836182
194.50397567658163
198.49278253162973
206.4501683134421
212.32741361432807
208.78387237621396
203.5497178046047
199.2579305403241
195.54997394207274
195.89846051741733
198.7446164314052
195.593640516571
203.82659220089158
198.47377583058827
194.64891139191627
191.40512908927758
188.55604608288743
193.59536077924315
196.01791159647755
203.20525914052132
203.55494791920623
198.21141625234225
194.16769307756684
190.75897534770505
191.4356877657848
199.46068765802556
194.3224294648425
200.83343762177938
194.94267807777302
191.18645455018375
188.1306811746307
185.49903674607847
194.24572730441852
200.90603922351752
201.07863259668923
201.78348163639427
196.73078093743086
192.75706083757805
189.38933102955676
188.87388458360053
197.02278488009867
192.43881900343135
195.27613539922427
192.013855231627
189.59559190248922
187.22305529933706
184.97360143517162
189.52789216482597
197.7880924194886
203.89801029870418
200.76398617634058
195.99521114297238
192.1716638212897
188.92302081312633
189.65659661667345
192.91106780302684
190.12418970929525
198.5009093620341
193.4656974959747
189.99184825681562
187.10352660748424
184.60324896787847
189.83712800309527
192.5131386598065
199.76336122987735
200.19903061811337
195.1040060967297
191.33433199527465
188.20411889706747
189.10878896799304
197.16014689327335
192.20266733781213
198.76609162153622
193.13495855500926
189.66016023061243
186.8733054003948
184.4940790626839
193.23480177124944
199.8039367613958
200.1119188842457
200.89577945813866
196.00480266584637
192.22889893399088
189.07229445495554
188.7886787923782
196.9132183099861
192.45508542019056
195.4738486734368
192.39854553136084
190.13189312522948
187.90370278093278
185.79977426103972
190.47175394224288
198.57259351766461
204.48016405730706
201.39200184035812
196.76290395685137
193.10522145699167
190.03288114243284
190.87329899781562
194.27994350935055
191.60568736778396
199.8475665579898
194.910889770549
191.58855889899587
188.86681125184091
186.53472710713405
191.7572988137706
194.50425214639918
201.60044922758684
201.92668641213086
196.93379354213357
193.3020727438129
190.32064852769085
191.31677397150875
199.21731604674952
194.31475862162617
200.77948365901716
195.31314175602233
192.0263786464212
189.41203965967597
187.18889519226732
195.7672715984668
202.08002649819733
202.4235311408947
203.1701484684132
198.35367394915917
194.70056405553012
191.6850949431171
191.56721371619844
199.53586940513253
195.12372349109464
198.25434594192188
195.2970703202485
193.10633145559927
190.95087178033145
188.92698799534853
193.63889034024888
201.43083594233917
206.99108053820228
203.8848238037092
199.35353312009258
195.82265958582806
192.8885362687159
193.77690716611642
197.2867119384649
194.66511896353407
202.6456394773818
197.7671971576956
194.56692220511533
191.98207307650773
189.78714802395726
194.91075084391113
197.66887755897696
204.48396597421527
204.60365324745752
199.68686047732533
196.1719512691077
193.31925530043358
194.36595077295325
202.00026021234262
197.12201392853578
203.40358102720506
198.10602862283915
195.003176535039
192.54668799905608
190.46132813926525
198.75365085826073
204.67191432850254
205.01789811777113
205.65982158076815
200.8984915331047
197.36376517629802
194.48854490138004
194.53513501404134
202.23290706299198
197.84266419163376
201.06753633122136
198.21050907467315
196.06526982627963
193.95862108901505
191.99974616223076
196.7064542621749
204.0223677266688
209.0808940908714
205.9418120337048
201.52389099781297
198.13488547953975
195.35272097450863
196.26358705629335
199.86240573607483
197.26162770709504
204.83156359888565
200.02100112205358
196.96279437671242
194.52973295808522
192.48256434800228
197.41325419313512
200.1377645217915
206.50487806843879
206.31301160268686
201.4951832111542
198.122368362404
195.4230031873138
196.50247198815237
203.71497494654434
198.87148087435563
204.86911393056934
199.80359994009999
196.92272331185723
194.64254241181308
192.70927811035384
200.52764253368017
205.84462034765315
206.18375985969814
206.63759050348372
201.948327157338
198.573444775388
195.88290532279157
196.12847511979123
203.3658548411316
199.00033572475147
202.31520509990278
199.5571969938875
197.43543910348163
195.373623613925
193.4946017439372
198.12986882922436
204.66276738306738
208.95655083641975
205.81069512873418
201.57886316980907
198.39613229240555
195.82593538514422
196.73373706920484
200.40513437737368
197.7807486147698
204.6472480802015
199.97682239926783
197.13241133029632
194.904432754533
193.04975367758274
197.59202385876543
200.19501342085707
205.74872522608405
205.05098024951133
200.4335077888837
197.2931210022933
194.8315605864435
195.91511319548283
202.3472235976029
197.61410815025502
203.0891542138212
198.4263535034897
195.85087851103057
193.79278148724725
192.06018300979272
198.91562978615184
203.12560504766782
203.45135933081656
203.48886825642816
198.95823315344356
195.87935207914822
193.50463014066653
194.01208368816614
200.2131296015591
195.91612694136947
199.24123905658323
196.5511530141524
194.3900654795398
192.38723892460544
190.6573862580146
194.90543958742182
199.62667944857375
202.35757177955102
199.34298026548473
195.5215079510866
192.72632082837333
190.53584789099764
191.26899889517642
194.72026352576333
191.8151623477162
196.721924362081
192.54334578548048
190.07054318267774
188.11529173628003
186.5082720674374
189.4250903918655
191.01767447130987
193.37862366541307
191.06849324557174
187.16580039599464
184.32733877287114
181.82140330891343
