0.0
0.0018592857142857141
0.0037185714285714283
0.005577857142857143
0.007437142857142857
0.00929642857142857
0.011155714285714286
0.013015
0.014874285714285713
0.016733571428571428
0.01859285714285714
0.020452142857142856
0.022311428571428572
0.02417071428571428
0.02603
0.02788928571428571
0.029748571428571426
0.03160785714285714
0.033467142857142855
0.035326428571428564
0.03718571428571428
0.039045
0.04090428571428571
0.04276357142857142
0.044622857142857145
0.046482142857142854
0.04834142857142856
0.050200714285714286
0.05206
0.05391928571428571
0.05577857142857142
0.057637857142857137
0.05949714285714285
0.06135642857142856
0.06321571428571428
0.065075
0.06693428571428571
0.06879357142857143
0.07065285714285713
0.07251214285714284
0.07437142857142856
0.07623071428571429
0.07809
0.07994928571428571
0.08180857142857142
0.08366785714285713
0.08552714285714284
0.08738642857142856
0.08924571428571429
0.091105
0.09296428571428571
0.09482357142857142
0.09668285714285713
0.09854214285714284
0.10040142857142857
0.10226071428571429
0.10412
0.1059792857142857
0.10783857142857142
0.10969785714285712
0.11155714285714284
0.11341642857142857
0.11527571428571427
0.117135
0.1189942857142857
0.12085357142857142
0.12271285714285712
0.12457214285714284
0.12643142857142856
0.12829071428571426
0.13015
0.1320092857142857
0.13386857142857142
0.13572785714285712
0.13758714285714285
0.13944642857142858
0.14130571428571426
0.143165
0.1450242857142857
0.14688357142857142
0.14874285714285712
0.15060214285714285
0.15246142857142858
0.15432071428571426
0.15618
0.1580392857142857
0.15989857142857142
0.16175785714285712
0.16361714285714285
0.16547642857142858
0.16733571428571425
0.169195
0.1710542857142857
0.17291357142857142
0.17477285714285712
0.17663214285714285
0.17849142857142858
0.18035071428571425
0.18221
0.18406928571428569
0.18592857142857142
0.18778785714285712
0.18964714285714285
0.19150642857142858
0.19336571428571425
0.195225
0.19708428571428568
0.19894357142857141
0.20080285714285714
0.20266214285714285
0.20452142857142858
0.20638071428571425
0.20824
0.21009928571428568
0.2119585714285714
0.21381785714285714
0.21567714285714285
0.21753642857142858
0.21939571428571425
0.221255
0.22311428571428568
0.2249735714285714
0.22683285714285714
0.22869214285714284
0.23055142857142855
0.23241071428571425
0.23427
0.23612928571428568
0.2379885714285714
0.23984785714285714
0.24170714285714284
0.24356642857142854
0.24542571428571425
0.247285
0.24914428571428568
0.2510035714285714
0.2528628571428571
0.25472214285714284
0.2565814285714285
0.2584407142857143
0.2603
0.274
0.274
0.274
0.274
0.274
0.274
0.274
0.274
0.274
0.274
0.274
0.274
0.274
0.274
0.274
0.274
0.274
0.274
0.274
0.274
0.274
0.274
0.274
0.274
0.274
0.274
0.274
0.274
0.274
0.274
0.274
0.274
0.274
0.274
0.274
0.274
0.274
0.274
0.274
0.274
0.274
0.274
0.274
0.274
0.274
0.274
0.274
0.274
0.274
0.274
0.274
0.274
0.274
0.274
0.274
0.274
0.274
0.274
0.274
0.274
0.274
0.274
0.274
0.274
0.274
0.274
0.274
0.274
0.274
0.274
0.274
0.274
0.274
0.274
0.274
0.274
0.274
0.274
0.274
0.274
0.274
0.274
0.274
0.274
0.274
0.274
0.274
0.274
0.274
0.274
0.274
0.274
0.274
0.274
0.274
0.274
0.274
0.274
0.274
0.274
0.274
0.274
0.274
0.274
0.274
0.274
0.274
0.274
0.274
0.274
0.274
0.274
0.274
0.274
0.274
0.274
0.274
0.274
0.274
0.274
0.274
0.274
0.274
0.274
0.274
0.274
0.274
0.274
0.274
0.274
0.274
0.274
0.274
0.274
0.274
0.274
0.274
0.274
0.274
0.274
0.274
0.274
0.274
0.274
0.274
0.274
0.274
0.274
0.274
0.274
0.274
0.274
0.274
0.274
0.274
0.274
0.274
0.274
0.274
0.274
0.274
0.274
0.274
0.274
0.274
0.274
0.274
0.274
0.274
0.274
0.274
0.274
0.274
0.274
0.274
0.274
0.274
0.274
0.274
0.274
0.274
0.274
0.274
0.274
0.274
0.274
0.274
0.274
0.274
0.274
0.274
0.274
0.274
0.274
0.274
0.274
0.274
0.274
0.274
0.274
0.274
0.274
0.274
0.274
0.274
0.274
0.274
0.274
0.274
0.274
0.274
0.274
0.274
0.274
0.274
0.274
0.274
0.274
0.274
0.274
0.274
0.274
0.274
0.274
0.274
0.274
0.274
0.274
0.274
0.274
0.274
0.274
0.274
0.274
0.274
0.274
0.274
0.274
0.274
0.274
0.274
0.274
0.274
0.274
0.274
0.274
0.274
0.274
0.274
0.274
0.274
0.274
0.274
0.274
0.274
0.274
0.274
0.274
0.274
0.274
0.274
0.274
0.274
0.274
0.274
0.274
0.274
0.274
0.274
0.274
0.274
0.274
0.274
0.274
0.274
0.274
0.274
0.274
0.274
0.274
0.274
0.274
0.274
0.274
0.274
0.274
0.274
0.274
0.274
0.274
0.274
0.274
0.274
0.274
0.274
0.274
0.274
0.274
0.274
0.274
0.274
0.274
0.274
0.274
0.274
0.274
0.274
0.274
0.274
0.274
0.274
0.274
0.274
0.274
0.274
0.274
0.274
0.274
0.274
0.274
0.274
0.274
0.274
0.274
0.274
0.274
0.274
0.274
0.274
0.274
0.274
0.274
0.274
0.274
0.274
0.274
0.274
0.274
0.274
0.274
0.274
0.274
0.274
0.274
0.274
0.274
0.274
0.274
0.274
0.274
0.274
0.274
0.274
0.274
0.274
0.274
0.274
0.274
0.274
0.274
0.274
0.274
0.274
0.274
0.274
0.274
0.274
0.274
0.274
0.274
0.274
0.274
0.274
0.274
0.274
0.274
0.274
0.274
0.274
0.274
0.274
0.274
0.274
0.274
0.274
0.274
0.274
0.274
0.274
0.274
0.274
0.274
0.274
0.274
0.274
0.274
0.274
0.274
0.274
0.274
0.274
0.274
0.274
0.274
0.274
0.274
0.274
0.274
0.274
0.274
0.274
0.274
0.274
0.274
0.274
0.274
0.274
0.274
0.274
0.274
0.274
0.274
0.274
0.274
0.274
0.274
0.274
0.274
0.274
0.274
0.274
0.274
0.274
0.274
0.274
0.274
0.274
0.274
0.274
0.274
0.274
0.274
0.274
0.274
0.274
0.274
0.274
0.274
0.274
0.274
0.274
0.274
0.274
0.274
0.274
0.274
0.274
0.274
0.274
0.274
0.274
0.274
0.274
0.274
0.274
0.274
0.274
